1 10 20
100 200 125
201 210 89
900 1000 174
10 1 20
100 200 125
201 210 89
1000 900 174
1 1 1
2 2 2
3 3 8
4 4 3
5 5 6
6 6 9
7 7 17
8 8 4
9 9 20
10 10 7
100 1 119
200 1 125
300 1 128
400 1 144
500 1 144
600 1 144
700 1 145
800 1 171
900 1 179
1000 1 179
2000 1 182
3000 1 217
4000 1 238
5000 1 238
6000 1 238
7000 1 262
8000 1 262
9000 1 262
10000 1 262
20000 1 279
30000 1 308
40000 1 324
50000 1 324
60000 1 340
70000 1 340
80000 1 351
90000 1 351
100000 1 351
1 100 119
1 200 125
1 300 128
1 400 144
1 500 144
1 600 144
1 700 145
1 800 171
1 900 179
1 1000 179
1 2000 182
1 3000 217
1 4000 238
1 5000 238
1 6000 238
1 7000 262
1 8000 262
1 9000 262
1 10000 262
1 20000 279
1 30000 308
1 40000 324
1 50000 324
1 60000 340
1 70000 340
1 80000 351
1 90000 351
1 100000 351
999970 999999 259
999971 999999 259
999972 999999 259
999973 999999 259
999974 999999 259
999975 999999 259
999976 999999 259
999977 999999 259
999978 999999 259
999979 999999 259
999980 999999 259
999981 999999 259
999982 999999 259
999983 999999 259
999984 999999 259
999985 999999 259
999986 999999 259
999987 999999 259
999988 999999 259
999989 999999 259
999990 999999 259
999991 999999 259
999992 999999 259
999993 999999 259
999994 999999 259
999995 999999 259
999996 999999 259
999997 999999 259
999998 999999 259
999999 999999 259
999999 999999 259
999999 999998 259
999999 999997 259
999999 999996 259
999999 999995 259
999999 999994 259
999999 999993 259
999999 999992 259
999999 999991 259
999999 999990 259
999999 999989 259
999999 999988 259
999999 999987 259
999999 999986 259
999999 999985 259
999999 999984 259
999999 999983 259
999999 999982 259
999999 999981 259
999999 999980 259
999999 999979 259
999999 999978 259
999999 999977 259
999999 999976 259
999999 999975 259
999999 999974 259
999999 999973 259
999999 999972 259
999999 999971 259
999999 999970 259
